{"nodes": [{"name": "pyatorochka", "id": 0, "atd": 55.74903, "lng": 48.7438}, {"name": "dorm2", "id": 1, "atd": 55.753752, "lng": 48.741231}, {"name": "dorm3", "id": 2, "atd": 55.753752, "lng": 48.740584}, {"name": "dorm4", "id": 3, "atd": 55.753868, "lng": 48.74}, {"name": "dorm5", "id": 4, "atd": 55.754041, "lng": 48.739461}, {"name": "dorm6", "id": 5, "atd": 55.754461, "lng": 48.742641}, {"name": "dorm7", "id": 6, "atd": 55.754689, "lng": 48.741896}, {"name": "uni", "id": 7, "atd": 55.753686, "lng": 48.743306}, {"name": "sport", "id": 8, "atd": 55.751427, "lng": 48.742417}, {"name": "dorm1", "id": 9, "atd": 55.75361, "lng": 48.741797}, {"name": "d140", "id": 10, "atd": 55.75052, "lng": 48.74398}, {"name": "d142", "id": 11, "atd": 55.749896, "lng": 48.743584}, {"name": "d138", "id": 12, "atd": 55.750089, "lng": 48.744806}, {"name": "d124", "id": 13, "atd": 55.749532, "lng": 48.743063}, {"name": "galka", "id": 14, "atd": 55.752389, "lng": 48.74937}, {"name": "d116", "id": 15, "atd": 55.748969, "lng": 48.742533}, {"name": "yarmarka", "id": 16, "atd": 55.74597, "lng": 48.74403}, {"name": "d118", "id": 17, "atd": 55.748458, "lng": 48.743252}, {"name": "d134", "id": 18, "atd": 55.749988, "lng": 48.74566}, {"name": "d136", "id": 19, "atd": 55.749405, "lng": 48.745282}, {"name": "d132", "id": 20, "atd": 55.749582, "lng": 48.746504}, {"name": "big_boss", "id": 21, "atd": 55.74903, "lng": 48.74477}, {"name": "d130", "id": 22, "atd": 55.748523, "lng": 48.745489}, {"name": "d120", "id": 23, "atd": 55.748468, "lng": 48.74424}, {"name": "d122", "id": 24, "atd": 55.747956, "lng": 48.744959}, {"name": "d112", "id": 25, "atd": 55.747834, "lng": 48.743647}, {"name": "d104", "id": 26, "atd": 55.747272, "lng": 48.743117}, {"name": "d106", "id": 27, "atd": 55.74677, "lng": 48.743854}, {"name": "d114", "id": 28, "atd": 55.747333, "lng": 48.744384}, {"name": "bublik", "id": 29, "atd": 55.751837, "lng": 48.751597}, {"name": "d108", "id": 30, "atd": 55.748341, "lng": 48.74195}, {"name": "magnit", "id": 31, "atd": 55.747839, "lng": 48.742686}, {"name": "d102", "id": 32, "atd": 55.747277, "lng": 48.742156}, {"name": "d100", "id": 33, "atd": 55.747779, "lng": 48.74142}, {"name": "artspace", "id": 34, "atd": 55.744272, "lng": 48.748768}, {"name": "hotel", "id": 35, "atd": 55.755013, "lng": 48.744905}, {"name": "hospital", "id": 36, "atd": 55.756584, "lng": 48.745363}, {"name": "d98", "id": 37, "atd": 55.745747, "lng": 48.73823}], "graph": [[0, 549.926691270125, 563.1849717204962, 589.1343845191063, 620.8844452180132, 609.036698426491, 641.3006210834611, 519.3137339959649, 280.65022022132837, 525.2070441557826, 166.2771624844156, 97.3674687369046, 133.76329169351192, 72.56543830644485, 512.0503477997568, 79.85255641583113, 340.99796354549125, 72.38786873372719, 158.1734506467896, 102.00041595327093, 180.5805098351737, 60.91259597627383, 120.14965275281118, 68.40065980979536, 139.98466960075243, 133.50552787593648, 200.3751723901934, 251.64500843932103, 192.46568062409943, 580.8491893945713, 139.2162188602152, 149.92450714944752, 220.79721053090546, 204.2974074703791, 614.789445101483, 669.734989644031, 846.7488878949999, 505.9237102435579], [549.926691270125, 0, 40.62442214834407, 78.3646150902344, 115.70015865082419, 118.61312215148968, 112.36866091806675, 130.4941484151588, 269.35828433820313, 38.896581766615384, 399.1014266133015, 454.02944784025186, 465.5274418321237, 483.7210092317211, 533.1029699590463, 538.7655731099103, 884.0746721468931, 602.9265248086184, 502.956615011096, 546.7585544619302, 570.2475788433053, 570.7716162852784, 640.6442635734202, 617.9031735265637, 686.4593226552938, 676.1339999424333, 731.1212089781919, 794.6150854978409, 741.5921367736877, 684.9169083361296, 604.135485617714, 664.6470160237258, 723.2451141953856, 665.1235271698696, 1156.7378865003514, 270.0475291960083, 408.3196855256329, 910.9600319395812], [563.1849717204962, 40.62442214834407, 0, 38.8766221944386, 77.50628264605588, 151.36845026816812, 132.9264968586019, 171.06944099400908, 283.29330549155577, 77.78668249012935, 418.2794322928971, 468.82653602218124, 486.4215888018827, 494.9581207382836, 572.164264838568, 546.4081697956578, 893.0401515070034, 612.766302886801, 526.5099179211238, 566.8015739842675, 594.7571246861447, 587.7816453275343, 658.635590082878, 631.5120469814906, 701.3546171847344, 686.3926953995367, 738.7908449265891, 804.0195678118934, 753.4568766381894, 723.6343035823297, 608.5217843844475, 671.4388225473093, 727.6357643041796, 667.086379710806, 1173.9475322053925, 305.4805402708569, 435.26218312764587, 903.4301559203323], [589.1343845191063, 78.3646150902344, 38.8766221944386, 0, 38.94036124394934, 178.48405929354504, 150.09132342792563, 208.5666742763922, 311.2779586278166, 116.43075409267759, 448.779391800841, 496.20032034591065, 517.7786465604296, 519.6610711645621, 610.9510322976482, 568.1588497877304, 915.0319330417531, 636.00791839775, 559.396754940349, 597.4213842878125, 628.0944677715914, 616.324873704463, 687.7059353743641, 657.5350046897826, 728.1669097454526, 709.7692258832502, 760.0163817599338, 826.4977764023689, 777.9266706004709, 762.4819283398245, 627.4254049114077, 692.1180124928877, 746.2081126246292, 683.7715841803318, 1201.9240933663295, 333.3160030451913, 452.575180567687, 910.9759399122131], [620.8844452180132, 115.70015865082419, 77.50628264605588, 38.94036124394934, 0, 205.0688561504045, 169.05636133537544, 244.6366789875934, 345.1846773815771, 154.3247711907438, 483.93682225351404, 529.1504631058418, 553.395011045674, 550.617877798491, 648.8009553887114, 596.7404222101541, 943.2947526519688, 665.6189639893774, 595.9353299890357, 632.4719688769695, 664.8650926624949, 649.920997123226, 721.6032088214088, 689.2396439674401, 760.3803742052617, 739.3716236401661, 787.8330010049556, 855.2429163625536, 808.3004170899842, 800.5576536351775, 653.5847148771503, 719.5965878555498, 771.8654482964229, 707.9630693442397, 1234.733407851442, 358.538346180134, 466.34943133707907, 926.6611453687602], [609.036698426491, 118.61312215148968, 151.36845026816812, 178.48405929354504, 205.0688561504045, 0, 53.22084564246997, 95.85807603133874, 338.0901483362796, 108.56106850671459, 446.76300078335913, 511.69237881100315, 505.393316747475, 549.4209784145504, 481.38663425654556, 611.5020996282036, 949.3799654829108, 669.4581101037194, 532.8709630281066, 586.8400234503368, 594.9115039726996, 619.2744728213415, 684.8811213130485, 674.7565479323838, 738.7305397849586, 740.5314910266258, 800.9616911272199, 859.6760957847558, 801.123871837374, 633.7067840099361, 682.7643950846718, 737.2809992699646, 800.4266963963533, 747.8961242797338, 1197.8862423847331, 154.86729238769266, 291.68216347391615, 1008.958242385839], [641.3006210834611, 112.36866091806675, 132.9264968586019, 150.09132342792563, 169.05636133537544, 53.22084564246997, 0, 142.50718373896385, 364.6527381822887, 120.2937137394602, 482.25792020849116, 544.0639913462238, 543.7708128704188, 578.823664254853, 534.6073293962559, 638.1042663201022, 979.9550921025451, 698.9484449684105, 574.2852696102677, 625.5465288844584, 637.9851858362695, 655.3931307622673, 722.6281500069005, 708.0953248834855, 773.9145383942832, 771.0963382422952, 829.3403361672489, 890.2114172916413, 833.7649873255897, 686.9195539973541, 706.777340927782, 764.272095694775, 825.3935094131374, 769.921131036338, 1237.4801278783468, 192.3395646344795, 303.14745631018496, 1021.8462669232393], [519.3137339959649, 130.4941484151588, 171.06944099400908, 208.5666742763922, 244.6366789875934, 95.85807603133874, 142.50718373896385, 0, 257.63109039059634, 95.12579873779701, 355.02547390329744, 422.32931575370236, 411.4071318751939, 462.74680360113075, 407.22229050368054, 527.4163444522083, 860.2805655344457, 582.0812606815007, 437.4543016801461, 492.5202995936839, 499.1072553863522, 526.474503473694, 590.9525287227107, 583.9108657172765, 646.3515871177123, 651.897585642154, 714.2159606684578, 770.7771674052069, 710.5575059993453, 559.8211000800169, 601.1585282551291, 652.1522563308544, 717.2053934706304, 668.247286621547, 1102.823546058927, 178.62875306986624, 347.5442321955266, 939.6233530703244], [280.65022022132837, 269.35828433820313, 283.29330549155577, 311.2779586278166, 345.1846773815771, 338.0901483362796, 364.6527381822887, 257.63109039059634, 0, 246.14745757725697, 140.81972753643913, 185.54176151333897, 211.41453722609097, 214.84840126789976, 449.5378193715997, 273.7639587269184, 615.9530174708603, 334.6930938999209, 259.1100251451178, 288.1784577294547, 328.72501707518234, 305.0479197199207, 376.498125340362, 348.76915404315525, 418.12120758711035, 407.42316463222335, 464.6900635163416, 526.2915076814836, 472.25436844816187, 578.2380574964631, 344.8360240573854, 399.83510520018194, 462.34024462492573, 410.95531588621117, 890.8802033208653, 428.73077637196985, 603.2272648815442, 684.8776179394185], [525.2070441557826, 38.896581766615384, 77.78668249012935, 116.43075409267759, 154.3247711907438, 108.56106850671459, 120.2937137394602, 95.12579873779701, 246.14745757725697, 0, 370.3343519389866, 428.46098842399675, 435.1750725516199, 460.9402697430481, 494.5601965008625, 518.7790712826534, 862.0968869422958, 580.8403909377133, 470.59509131801207, 516.791737018999, 537.103566466954, 543.0229216476617, 611.9840811259454, 592.6928947961538, 660.0720373478172, 653.4924524534725, 710.5071877346903, 772.423679216678, 717.4960697435059, 646.2350133116207, 586.7148692061508, 644.9479580214661, 705.4593013578026, 649.6392114363633, 1128.0681896240385, 249.9640602884221, 399.7108913110004, 903.6459534483699], [166.2771624844156, 399.1014266133015, 418.2794322928971, 448.779391800841, 483.93682225351404, 446.76300078335913, 482.25792020849116, 355.02547390329744, 140.81972753643913, 370.3343519389866, 0, 73.79059447917, 70.66118326064783, 124.16143780019327, 397.3047025143579, 195.13130053332983, 506.59419346094205, 234.08479815284426, 120.98560187532306, 148.6457221500457, 189.80766405053944, 173.15113389912528, 241.69096442840424, 229.0467199807693, 292.0134888665946, 299.7820974989957, 365.6616352975816, 417.58966314793236, 355.73763163772173, 500.26635243749973, 274.055970124767, 309.35788758964935, 378.7992359922606, 344.92803295380406, 757.8375988861704, 503.5991395513183, 680.7112348786012, 642.4827079497132], [97.3674687369046, 454.02944784025186, 468.82653602218124, 496.20032034591065, 529.1504631058418, 511.69237881100315, 544.0639913462238, 422.32931575370236, 185.54176151333897, 428.46098842399675, 73.79059447917, 0, 79.6872841487083, 52.0843700708696, 457.21303307098793, 122.50724078158595, 438.00639400657604, 161.45469599780648, 130.76426948857468, 119.82362327659267, 186.66540831320253, 121.83222704390654, 194.10975147646383, 164.23967072302253, 232.61353621090402, 229.6115066900228, 293.6171627426756, 348.4529908520451, 289.7458553434202, 547.6096458834137, 201.25222439320356, 235.86118082008682, 305.0697380557936, 272.0692144779819, 705.7350210612309, 575.7197006940488, 752.955905415835, 571.3428655429615], [133.76329169351192, 465.5274418321237, 486.4215888018827, 517.7786465604296, 553.395011045674, 505.393316747475, 543.7708128704188, 411.4071318751939, 211.41453722609097, 435.1750725516199, 70.66118326064783, 79.6872841487083, 0, 125.79986006616892, 384.3265692199329, 189.53282794440003, 461.1799582823499, 206.1508631142329, 54.79313165185376, 81.81066114829349, 120.64631126069568, 117.92783732452357, 179.55193640963057, 183.9442230462328, 237.6766469725856, 261.40199913406667, 331.0858076359213, 374.33302277047125, 307.98767816631954, 468.74134823719436, 264.6525020750643, 283.6863535440464, 354.5593334117524, 333.70270177321294, 693.7981726689591, 548.2602209434184, 723.9812499084136, 635.7972565008466], [72.56543830644485, 483.7210092317211, 494.9581207382836, 519.6610711645621, 550.617877798491, 549.4209784145504, 578.823664254853, 462.74680360113075, 214.84840126789976, 460.9402697430481, 124.16143780019327, 52.0843700708696, 125.79986006616892, 0, 507.9642574670401, 70.97063952688558, 401.2055972521433, 120.16377864064063, 170.79952094343676, 140.05942807954924, 216.1515093889062, 120.88904217770302, 189.2852386887494, 139.6293624425495, 212.04916831675234, 192.57490476394108, 251.64502854066794, 311.4995215769299, 258.50267013622243, 594.1635682894356, 149.89480668059278, 189.97488647369528, 257.4451767982294, 220.76724969537455, 686.5324511392976, 621.1040611215271, 798.3220957672261, 519.3299779462765], [512.0503477997568, 533.1029699590463, 572.164264838568, 610.9510322976482, 648.8009553887114, 481.38663425654556, 534.6073293962559, 407.22229050368054, 449.5378193715997, 494.5601965008625, 397.3047025143579, 457.21303307098793, 384.3265692199329, 507.9642574670401, 0, 573.8513987606979, 789.4341597756899, 582.3597651320342, 354.58678307299226, 419.8474458105464, 360.63663752047387, 472.5438200064547, 494.6329118476144, 542.5399250678448, 565.9695939389827, 621.5643513758953, 691.9200372600269, 715.0944055568134, 644.1349644018223, 152.7462882789536, 648.2430171121815, 657.8700036141355, 727.4282521389202, 716.0028349602643, 904.5147839932054, 404.90598828963175, 530.5120038105027, 1017.9570894364482], [79.85255641583113, 538.7655731099103, 546.4081697956578, 568.1588497877304, 596.7404222101541, 611.5020996282036, 638.1042663201022, 527.4163444522083, 273.7639587269184, 518.7790712826534, 195.13130053332983, 122.50724078158595, 189.53282794440003, 70.97063952688558, 573.8513987606979, 0, 346.88232167645424, 72.63241936899175, 226.7811529009447, 179.32222397389117, 258.53448910527226, 140.6399392036914, 192.15470429158924, 120.83897307032655, 189.55165198380777, 144.43931181499462, 192.46568967279, 258.503032097734, 216.07702621364697, 652.620725364969, 78.92478299481212, 126.17743168628614, 189.8644428895545, 149.79678088027185, 653.2970769047516, 689.2087517528023, 866.2553314274483, 449.11874246369354], [340.99796354549125, 884.0746721468931, 893.0401515070034, 915.0319330417531, 943.2947526519688, 949.3799654829108, 979.9550921025451, 860.2805655344457, 615.9530174708603, 862.0968869422958, 506.59419346094205, 438.00639400657604, 461.1799582823499, 401.2055972521433, 789.4341597756899, 346.88232167645424, 0, 281.28275110271994, 458.91449472021384, 390.44163831674865, 431.11775364765526, 343.8467150246433, 298.64631541266175, 278.4328850191938, 228.6828312176611, 208.9217252633149, 155.88844599164662, 89.75294413925761, 153.3723908119468, 807.7680455580422, 294.53029456046784, 224.5551613676513, 187.15193485097797, 259.67554668866364, 352.5362061135815, 1008.3211988083274, 1184.6947548733453, 365.09438857885476], [72.38786873372719, 602.9265248086184, 612.766302886801, 636.00791839775, 665.6189639893774, 669.4581101037194, 698.9484449684105, 582.0812606815007, 334.6930938999209, 580.8403909377133, 234.08479815284426, 161.45469599780648, 206.1508631142329, 120.16377864064063, 582.3597651320342, 72.63241936899175, 281.28275110271994, 0, 227.77883223835045, 165.43054908923028, 239.508342155615, 114.64192127241753, 140.66397512252422, 62.05382149300595, 120.89164870759471, 73.76987483152035, 132.31783440419835, 191.70189591263696, 144.02125767135132, 645.0827386632429, 82.79354076454497, 77.5435703033596, 148.41356446281853, 137.66119289216323, 580.6968946464682, 737.1600661052647, 914.385591171369, 436.54179658357737], [158.1734506467896, 502.956615011096, 526.5099179211238, 559.396754940349, 595.9353299890357, 532.8709630281066, 574.2852696102677, 437.4543016801461, 259.1100251451178, 470.59509131801207, 120.98560187532306, 130.76426948857468, 54.79313165185376, 170.79952094343676, 354.58678307299226, 226.7811529009447, 458.91449472021384, 227.77883223835045, 0, 69.1135976933765, 69.6578917028418, 120.41628114046296, 163.46217588653516, 191.28793949349011, 230.48018477148753, 271.0964148364537, 341.9689985725011, 375.804811424797, 306.26829492959206, 425.8671876401896, 296.4834406555297, 303.52173829702224, 373.5273019226884, 362.4663240836143, 665.6614173755981, 561.4749924905591, 734.6178094347474, 663.824536636858], [102.00041595327093, 546.7585544619302, 566.8015739842675, 597.4213842878125, 632.4719688769695, 586.8400234503368, 625.5465288844584, 492.5202995936839, 288.1784577294547, 516.791737018999, 148.6457221500457, 119.82362327659267, 81.81066114829349, 140.05942807954924, 419.8474458105464, 179.32222397389117, 390.44163831674865, 165.43054908923028, 69.1135976933765, 0, 79.22644288703036, 52.696433125707934, 99.05607240572375, 123.14589650912151, 162.59778052833235, 202.8191569971843, 273.6459723122356, 306.77319346345354, 237.4832927249611, 480.1713612690732, 240.44603945992841, 238.6950745171067, 307.68414819865217, 302.63961101251175, 611.9899194777082, 624.82826144757, 799.3068819554618, 601.658341299656], [180.5805098351737, 570.2475788433053, 594.7571246861447, 628.0944677715914, 664.8650926624949, 594.9115039726996, 637.9851858362695, 499.1072553863522, 328.72501707518234, 537.103566466954, 189.80766405053944, 186.66540831320253, 120.64631126069568, 216.1515093889062, 360.63663752047387, 258.53448910527226, 431.11775364765526, 239.508342155615, 69.6578917028418, 79.22644288703036, 0, 125.03510926641842, 134.03151050660267, 188.66912556034808, 205.39367873509437, 264.6966260039723, 333.74445951417687, 354.5603233169107, 283.58883346605876, 406.58528024363653, 317.6049953652152, 308.4541550955635, 374.71699889616866, 377.126051877195, 608.0567721128483, 612.9520458644722, 782.8690771217434, 672.5256779927219], [60.91259597627383, 570.7716162852784, 587.7816453275343, 616.324873704463, 649.920997123226, 619.2744728213415, 655.3931307622673, 526.474503473694, 305.0479197199207, 543.0229216476617, 173.15113389912528, 121.83222704390654, 117.92783732452357, 120.88904217770302, 472.5438200064547, 140.6399392036914, 343.8467150246433, 114.64192127241753, 120.41628114046296, 52.696433125707934, 125.03510926641842, 0, 72.28406043107222, 70.87251911104259, 120.16378390650775, 150.6807864191149, 221.55369262266765, 258.1136081568984, 190.48788960361804, 530.5200983690131, 192.9887940587462, 186.3072503931797, 255.0282388777684, 252.30128686895992, 586.2303864569922, 666.185080601133, 841.8660005799585, 549.8041634570346], [120.14965275281118, 640.6442635734202, 658.635590082878, 687.7059353743641, 721.6032088214088, 684.8811213130485, 722.6281500069005, 590.9525287227107, 376.498125340362, 611.9840811259454, 241.69096442840424, 194.10975147646383, 179.55193640963057, 189.2852386887494, 494.6329118476144, 192.15470429158924, 298.64631541266175, 140.66397512252422, 163.46217588653516, 99.05607240572375, 134.03151050660267, 72.28406043107222, 0, 78.67256713012492, 71.36467964758073, 138.79851349047533, 203.93157153329307, 220.53411615887813, 149.5633940211926, 532.2128405906212, 223.162053344497, 191.7900277299162, 251.1061031809081, 268.6158534768448, 516.151314487564, 723.509044096839, 897.5250330110621, 550.7590973638696], [68.40065980979536, 617.9031735265637, 631.5120469814906, 657.5350046897826, 689.2396439674401, 674.7565479323838, 708.0953248834855, 583.9108657172765, 348.76915404315525, 592.6928947961538, 229.0467199807693, 164.23967072302253, 183.9442230462328, 139.6293624425495, 542.5399250678448, 120.83897307032655, 278.4328850191938, 62.05382149300595, 191.28793949349011, 123.14589650912151, 188.66912556034808, 70.87251911104259, 78.67256713012492, 0, 72.72001925649248, 79.80848297266513, 150.68125002322842, 190.5983493222321, 126.69091206062957, 595.0819083106347, 144.4997456354394, 120.11562555935532, 186.30856313322138, 192.99112708548293, 546.9098160151419, 729.8980943317948, 906.3608463196548, 483.9708967905694], [139.98466960075243, 686.4593226552938, 701.3546171847344, 728.1669097454526, 760.3803742052617, 738.7305397849586, 773.9145383942832, 646.3515871177123, 418.12120758711035, 660.0720373478172, 292.0134888665946, 232.61353621090402, 237.6766469725856, 212.04916831675234, 565.9695939389827, 189.55165198380777, 228.6828312176611, 120.89164870759471, 230.48018477148753, 162.59778052833235, 205.39367873509437, 120.16378390650775, 71.36467964758073, 72.72001925649248, 0, 83.50354800452169, 138.49301153057823, 149.16947869467876, 78.19921960295326, 600.3839186473793, 193.75980126082715, 143.333720643126, 191.57199633500514, 223.11539044082818, 474.82379165376466, 785.7146685244502, 960.9532716446172, 488.9409192938425], [133.50552787593648, 676.1339999424333, 686.3926953995367, 709.7692258832502, 739.3716236401661, 740.5314910266258, 771.0963382422952, 651.897585642154, 407.42316463222335, 653.4924524534725, 299.7820974989957, 229.6115066900228, 261.40199913406667, 192.57490476394108, 621.5643513758953, 144.43931181499462, 208.9217252633149, 73.76987483152035, 271.0964148364537, 202.8191569971843, 264.6966260039723, 150.6807864191149, 138.79851349047533, 79.80848297266513, 83.50354800452169, 0, 70.8729864176524, 119.17391906980235, 72.48099015204798, 669.2203306071254, 120.59501976776984, 60.35183729264043, 112.30760149809608, 139.98615947907288, 510.59587924435846, 803.1844201931101, 980.1421694652307, 411.9702122867221], [200.3751723901934, 731.1212089781919, 738.7908449265891, 760.0163817599338, 787.8330010049556, 800.9616911272199, 829.3403361672489, 714.2159606684578, 464.6900635163416, 710.5071877346903, 365.6616352975816, 293.6171627426756, 331.0858076359213, 251.64502854066794, 691.9200372600269, 192.46568967279, 155.88844599164662, 132.31783440419835, 341.9689985725011, 273.6459723122356, 333.74445951417687, 221.55369262266765, 203.93157153329307, 150.68125002322842, 138.49301153057823, 70.8729864176524, 0, 72.56712865700155, 79.85599722083627, 736.1294562471177, 139.77285492444932, 68.68592292591207, 60.35270472566034, 120.59637100755951, 487.35250354366525, 869.1441792816269, 1046.321146749845, 350.7418224850991], [251.64500843932103, 794.6150854978409, 804.0195678118934, 826.4977764023689, 855.2429163625536, 859.6760957847558, 890.2114172916413, 770.7771674052069, 526.2915076814836, 772.423679216678, 417.58966314793236, 348.4529908520451, 374.33302277047125, 311.4995215769299, 715.0944055568134, 258.503032097734, 89.75294413925761, 191.70189591263696, 375.804811424797, 306.77319346345354, 354.5603233169107, 258.1136081568984, 220.53411615887813, 190.5983493222321, 149.16947869467876, 119.17391906980235, 72.56712865700155, 0, 70.97149747226652, 744.7684585742014, 211.873871270066, 139.8062774442278, 120.65307716761735, 189.69530510802858, 415.4405191307055, 920.1231420439082, 1096.7650464097255, 371.1033381718737], [192.46568062409943, 741.5921367736877, 753.4568766381894, 777.9266706004709, 808.3004170899842, 801.123871837374, 833.7649873255897, 710.5575059993453, 472.25436844816187, 717.4960697435059, 355.73763163772173, 289.7458553434202, 307.98767816631954, 258.50267013622243, 644.1349644018223, 216.07702621364697, 153.3723908119468, 144.02125767135132, 306.26829492959206, 237.4832927249611, 283.58883346605876, 190.48788960361804, 149.5633940211926, 126.69091206062957, 78.19921960295326, 72.48099015204798, 79.85599722083627, 70.97149747226652, 0, 675.739640570182, 189.6276249599318, 120.59967378860864, 140.05560302231927, 192.64553076275575, 438.1201912326911, 855.6960644300226, 1031.8143197027184, 424.90364289131054], [580.8491893945713, 684.9169083361296, 723.6343035823297, 762.4819283398245, 800.5576536351775, 633.7067840099361, 686.9195539973541, 559.8211000800169, 578.2380574964631, 646.2350133116207, 500.26635243749973, 547.6096458834137, 468.74134823719436, 594.1635682894356, 152.7462882789536, 652.620725364969, 807.7680455580422, 645.0827386632429, 425.8671876401896, 480.1713612690732, 406.58528024363653, 530.5200983690131, 532.2128405906212, 595.0819083106347, 600.3839186473793, 669.2203306071254, 736.1294562471177, 744.7684585742014, 675.739640570182, 0, 720.0520871476665, 715.0201635915492, 780.5335887866271, 782.646852845799, 860.7984371804902, 549.1768328428775, 657.6796074345134, 1079.0484674899346], [139.2162188602152, 604.135485617714, 608.5217843844475, 627.4254049114077, 653.5847148771503, 682.7643950846718, 706.777340927782, 601.1585282551291, 344.8360240573854, 586.7148692061508, 274.055970124767, 201.25222439320356, 264.6525020750643, 149.89480668059278, 648.2430171121815, 78.92478299481212, 294.53029456046784, 82.79354076454497, 296.4834406555297, 240.44603945992841, 317.6049953652152, 192.9887940587462, 223.162053344497, 144.4997456354394, 193.75980126082715, 120.59501976776984, 139.77285492444932, 211.873871270066, 189.6276249599318, 720.0520871476665, 0, 72.52629325514803, 119.16707686984779, 70.87278832118155, 623.3555352954055, 765.6658524506418, 942.4428120743386, 371.46517674006793], [149.92450714944752, 664.6470160237258, 671.4388225473093, 692.1180124928877, 719.5965878555498, 737.2809992699646, 764.272095694775, 652.1522563308544, 399.83510520018194, 644.9479580214661, 309.35788758964935, 235.86118082008682, 283.6863535440464, 189.97488647369528, 657.8700036141355, 126.17743168628614, 224.5551613676513, 77.5435703033596, 303.52173829702224, 238.6950745171067, 308.4541550955635, 186.3072503931797, 191.7900277299162, 120.11562555935532, 143.333720643126, 60.35183729264043, 68.68592292591207, 139.8062774442278, 120.59967378860864, 715.0201635915492, 72.52629325514803, 0, 70.87298446558559, 79.78300011384167, 551.0094526592375, 810.796189709819, 988.0482600431267, 364.0870592081817], [220.79721053090546, 723.2451141953856, 727.6357643041796, 746.2081126246292, 771.8654482964229, 800.4266963963533, 825.3935094131374, 717.2053934706304, 462.34024462492573, 705.4593013578026, 378.7992359922606, 305.0697380557936, 354.5593334117524, 257.4451767982294, 727.4282521389202, 189.8644428895545, 187.15193485097797, 148.41356446281853, 373.5273019226884, 307.68414819865217, 374.71699889616866, 255.0282388777684, 251.1061031809081, 186.30856313322138, 191.57199633500514, 112.30760149809608, 60.35270472566034, 120.65307716761735, 140.05560302231927, 780.5335887866271, 119.16707686984779, 70.87298446558559, 0, 72.52671268009519, 533.2582130620228, 878.4326522020973, 1055.6020054180863, 299.6782556011599], [204.2974074703791, 665.1235271698696, 667.086379710806, 683.7715841803318, 707.9630693442397, 747.8961242797338, 769.921131036338, 668.247286621547, 410.95531588621117, 649.6392114363633, 344.92803295380406, 272.0692144779819, 333.70270177321294, 220.76724969537455, 716.0028349602643, 149.79678088027185, 259.67554668866364, 137.66119289216323, 362.4663240836143, 302.63961101251175, 377.126051877195, 252.30128686895992, 268.6158534768448, 192.99112708548293, 223.11539044082818, 139.98615947907288, 120.59637100755951, 189.69530510802858, 192.64553076275575, 782.646852845799, 70.87278832118155, 79.78300011384167, 72.52671268009519, 0, 604.4896772522619, 834.613356289565, 1011.1065073345338, 302.18597131222697], [614.789445101483, 1156.7378865003514, 1173.9475322053925, 1201.9240933663295, 1234.733407851442, 1197.8862423847331, 1237.4801278783468, 1102.823546058927, 890.8802033208653, 1128.0681896240385, 757.8375988861704, 705.7350210612309, 693.7981726689591, 686.5324511392976, 904.5147839932054, 653.2970769047516, 352.5362061135815, 580.6968946464682, 665.6614173755981, 611.9899194777082, 608.0567721128483, 586.2303864569922, 516.151314487564, 546.9098160151419, 474.82379165376466, 510.59587924435846, 487.35250354366525, 415.4405191307055, 438.1201912326911, 860.7984371804902, 623.3555352954055, 551.0094526592375, 533.2582130620228, 604.4896772522619, 0, 1220.2287901860936, 1387.359773949168, 681.8880711258863], [669.734989644031, 270.0475291960083, 305.4805402708569, 333.3160030451913, 358.538346180134, 154.86729238769266, 192.3395646344795, 178.62875306986624, 428.73077637196985, 249.9640602884221, 503.5991395513183, 575.7197006940488, 548.2602209434184, 621.1040611215271, 404.90598828963175, 689.2087517528023, 1008.3211988083274, 737.1600661052647, 561.4749924905591, 624.82826144757, 612.9520458644722, 666.185080601133, 723.509044096839, 729.8980943317948, 785.7146685244502, 803.1844201931101, 869.1441792816269, 920.1231420439082, 855.6960644300226, 549.1768328428775, 765.6658524506418, 810.796189709819, 878.4326522020973, 834.613356289565, 1220.2287901860936, 0, 177.25903190478581, 1113.5496494957952], [846.7488878949999, 408.3196855256329, 435.26218312764587, 452.575180567687, 466.34943133707907, 291.68216347391615, 303.14745631018496, 347.5442321955266, 603.2272648815442, 399.7108913110004, 680.7112348786012, 752.955905415835, 723.9812499084136, 798.3220957672261, 530.5120038105027, 866.2553314274483, 1184.6947548733453, 914.385591171369, 734.6178094347474, 799.3068819554618, 782.8690771217434, 841.8660005799585, 897.5250330110621, 906.3608463196548, 960.9532716446172, 980.1421694652307, 1046.321146749845, 1096.7650464097255, 1031.8143197027184, 657.6796074345134, 942.4428120743386, 988.0482600431267, 1055.6020054180863, 1011.1065073345338, 1387.359773949168, 177.25903190478581, 0, 1287.0157652297178], [505.9237102435579, 910.9600319395812, 903.4301559203323, 910.9759399122131, 926.6611453687602, 1008.958242385839, 1021.8462669232393, 939.6233530703244, 684.8776179394185, 903.6459534483699, 642.4827079497132, 571.3428655429615, 635.7972565008466, 519.3299779462765, 1017.9570894364482, 449.11874246369354, 365.09438857885476, 436.54179658357737, 663.824536636858, 601.658341299656, 672.5256779927219, 549.8041634570346, 550.7590973638696, 483.9708967905694, 488.9409192938425, 411.9702122867221, 350.7418224850991, 371.1033381718737, 424.90364289131054, 1079.0484674899346, 371.46517674006793, 364.0870592081817, 299.6782556011599, 302.18597131222697, 681.8880711258863, 1113.5496494957952, 1287.0157652297178, 0]]}