{"nodes": [{"name": "pyatorochka", "id": 0, "atd": 55.74903, "lng": 48.7438}, {"name": "dorm2", "id": 1, "atd": 55.753752, "lng": 48.741231}, {"name": "dorm3", "id": 2, "atd": 55.753752, "lng": 48.740584}, {"name": "dorm4", "id": 3, "atd": 55.753868, "lng": 48.74}, {"name": "dorm5", "id": 4, "atd": 55.754041, "lng": 48.739461}, {"name": "dorm6", "id": 5, "atd": 55.754461, "lng": 48.742641}, {"name": "dorm7", "id": 6, "atd": 55.754689, "lng": 48.741896}, {"name": "uni", "id": 7, "atd": 55.753686, "lng": 48.743306}, {"name": "sport", "id": 8, "atd": 55.751427, "lng": 48.742417}, {"name": "dorm1", "id": 9, "atd": 55.75361, "lng": 48.741797}, {"name": "d140", "id": 10, "atd": 55.75052, "lng": 48.74398}, {"name": "d142", "id": 11, "atd": 55.749896, "lng": 48.743584}, {"name": "d138", "id": 12, "atd": 55.750089, "lng": 48.744806}, {"name": "d124", "id": 13, "atd": 55.749532, "lng": 48.743063}, {"name": "galka", "id": 14, "atd": 55.752389, "lng": 48.74937}, {"name": "d116", "id": 15, "atd": 55.748969, "lng": 48.742533}, {"name": "yarmarka", "id": 16, "atd": 55.74597, "lng": 48.74403}, {"name": "d118", "id": 17, "atd": 55.748458, "lng": 48.743252}, {"name": "d134", "id": 18, "atd": 55.749988, "lng": 48.74566}, {"name": "d136", "id": 19, "atd": 55.749405, "lng": 48.745282}, {"name": "d132", "id": 20, "atd": 55.749582, "lng": 48.746504}, {"name": "big_boss", "id": 21, "atd": 55.74903, "lng": 48.74477}, {"name": "d130", "id": 22, "atd": 55.748523, "lng": 48.745489}, {"name": "d120", "id": 23, "atd": 55.748468, "lng": 48.74424}, {"name": "d122", "id": 24, "atd": 55.747956, "lng": 48.744959}, {"name": "d112", "id": 25, "atd": 55.747834, "lng": 48.743647}, {"name": "d104", "id": 26, "atd": 55.747272, "lng": 48.743117}, {"name": "d106", "id": 27, "atd": 55.74677, "lng": 48.743854}, {"name": "d114", "id": 28, "atd": 55.747333, "lng": 48.744384}, {"name": "bublik", "id": 29, "atd": 55.751837, "lng": 48.751597}, {"name": "d108", "id": 30, "atd": 55.748341, "lng": 48.74195}, {"name": "magnit", "id": 31, "atd": 55.747839, "lng": 48.742686}, {"name": "d102", "id": 32, "atd": 55.747277, "lng": 48.742156}, {"name": "d100", "id": 33, "atd": 55.747779, "lng": 48.74142}, {"name": "artspace", "id": 34, "atd": 55.744272, "lng": 48.748768}, {"name": "hotel", "id": 35, "atd": 55.755013, "lng": 48.744905}, {"name": "hospital", "id": 36, "atd": 55.756584, "lng": 48.745363}, {"name": "d98", "id": 37, "atd": 55.745747, "lng": 48.73823}], "graph": [[0, 549.926691270125, 563.1849717204962, 589.1343845191063, 620.8844452180132, 609.036698426491, 641.3006210834611, 519.3137339959649, 280.65022022132837, 525.2070441557826, 166.2771624844156, 97.3674687369046, 133.76329169351192, 72.56543830644485, 512.0503477997568, 79.85255641583113, 340.99796354549125, 72.38786873372719, 158.1734506467896, 102.00041595327093, 0, 0, 0, 0, 0, 0, 0, 0, 0, 0, 0, 0, 0, 0, 0, 0, 0, 0], [549.926691270125, 0, 40.62442214834407, 78.3646150902344, 115.70015865082419, 118.61312215148968, 112.36866091806675, 130.4941484151588, 269.35828433820313, 38.896581766615384, 399.1014266133015, 454.02944784025186, 465.5274418321237, 483.7210092317211, 533.1029699590463, 538.7655731099103, 884.0746721468931, 602.9265248086184, 502.956615011096, 546.7585544619302, 0, 0, 0, 0, 0, 0, 0, 0, 0, 0, 0, 0, 0, 0, 0, 0, 0, 0], [563.1849717204962, 40.62442214834407, 0, 38.8766221944386, 77.50628264605588, 151.36845026816812, 132.9264968586019, 171.06944099400908, 283.29330549155577, 77.78668249012935, 418.2794322928971, 468.82653602218124, 486.4215888018827, 494.9581207382836, 572.164264838568, 546.4081697956578, 893.0401515070034, 612.766302886801, 526.5099179211238, 566.8015739842675, 0, 0, 0, 0, 0, 0, 0, 0, 0, 0, 0, 0, 0, 0, 0, 0, 0, 0], [589.1343845191063, 78.3646150902344, 38.8766221944386, 0, 38.94036124394934, 178.48405929354504, 150.09132342792563, 208.5666742763922, 311.2779586278166, 116.43075409267759, 448.779391800841, 496.20032034591065, 517.7786465604296, 519.6610711645621, 610.9510322976482, 568.1588497877304, 915.0319330417531, 636.00791839775, 559.396754940349, 597.4213842878125, 0, 0, 0, 0, 0, 0, 0, 0, 0, 0, 0, 0, 0, 0, 0, 0, 0, 0], [620.8844452180132, 115.70015865082419, 77.50628264605588, 38.94036124394934, 0, 205.0688561504045, 169.05636133537544, 244.6366789875934, 345.1846773815771, 154.3247711907438, 483.93682225351404, 529.1504631058418, 553.395011045674, 550.617877798491, 648.8009553887114, 596.7404222101541, 943.2947526519688, 665.6189639893774, 595.9353299890357, 632.4719688769695, 0, 0, 0, 0, 0, 0, 0, 0, 0, 0, 0, 0, 0, 0, 0, 0, 0, 0], [609.036698426491, 118.61312215148968, 151.36845026816812, 178.48405929354504, 205.0688561504045, 0, 53.22084564246997, 95.85807603133874, 338.0901483362796, 108.56106850671459, 446.76300078335913, 511.69237881100315, 505.393316747475, 549.4209784145504, 481.38663425654556, 611.5020996282036, 949.3799654829108, 669.4581101037194, 532.8709630281066, 586.8400234503368, 0, 0, 0, 0, 0, 0, 0, 0, 0, 0, 0, 0, 0, 0, 0, 0, 0, 0], [641.3006210834611, 112.36866091806675, 132.9264968586019, 150.09132342792563, 169.05636133537544, 53.22084564246997, 0, 142.50718373896385, 364.6527381822887, 120.2937137394602, 482.25792020849116, 544.0639913462238, 543.7708128704188, 578.823664254853, 534.6073293962559, 638.1042663201022, 979.9550921025451, 698.9484449684105, 574.2852696102677, 625.5465288844584, 0, 0, 0, 0, 0, 0, 0, 0, 0, 0, 0, 0, 0, 0, 0, 0, 0, 0], [519.3137339959649, 130.4941484151588, 171.06944099400908, 208.5666742763922, 244.6366789875934, 95.85807603133874, 142.50718373896385, 0, 257.63109039059634, 95.12579873779701, 355.02547390329744, 422.32931575370236, 411.4071318751939, 462.74680360113075, 407.22229050368054, 527.4163444522083, 860.2805655344457, 582.0812606815007, 437.4543016801461, 492.5202995936839, 0, 0, 0, 0, 0, 0, 0, 0, 0, 0, 0, 0, 0, 0, 0, 0, 0, 0], [280.65022022132837, 269.35828433820313, 283.29330549155577, 311.2779586278166, 345.1846773815771, 338.0901483362796, 364.6527381822887, 257.63109039059634, 0, 246.14745757725697, 140.81972753643913, 185.54176151333897, 211.41453722609097, 214.84840126789976, 449.5378193715997, 273.7639587269184, 615.9530174708603, 334.6930938999209, 259.1100251451178, 288.1784577294547, 0, 0, 0, 0, 0, 0, 0, 0, 0, 0, 0, 0, 0, 0, 0, 0, 0, 0], [525.2070441557826, 38.896581766615384, 77.78668249012935, 116.43075409267759, 154.3247711907438, 108.56106850671459, 120.2937137394602, 95.12579873779701, 246.14745757725697, 0, 370.3343519389866, 428.46098842399675, 435.1750725516199, 460.9402697430481, 494.5601965008625, 518.7790712826534, 862.0968869422958, 580.8403909377133, 470.59509131801207, 516.791737018999, 0, 0, 0, 0, 0, 0, 0, 0, 0, 0, 0, 0, 0, 0, 0, 0, 0, 0], [166.2771624844156, 399.1014266133015, 418.2794322928971, 448.779391800841, 483.93682225351404, 446.76300078335913, 482.25792020849116, 355.02547390329744, 140.81972753643913, 370.3343519389866, 0, 73.79059447917, 70.66118326064783, 124.16143780019327, 397.3047025143579, 195.13130053332983, 506.59419346094205, 234.08479815284426, 120.98560187532306, 148.6457221500457, 0, 0, 0, 0, 0, 0, 0, 0, 0, 0, 0, 0, 0, 0, 0, 0, 0, 0], [97.3674687369046, 454.02944784025186, 468.82653602218124, 496.20032034591065, 529.1504631058418, 511.69237881100315, 544.0639913462238, 422.32931575370236, 185.54176151333897, 428.46098842399675, 73.79059447917, 0, 79.6872841487083, 52.0843700708696, 457.21303307098793, 122.50724078158595, 438.00639400657604, 161.45469599780648, 130.76426948857468, 119.82362327659267, 0, 0, 0, 0, 0, 0, 0, 0, 0, 0, 0, 0, 0, 0, 0, 0, 0, 0], [133.76329169351192, 465.5274418321237, 486.4215888018827, 517.7786465604296, 553.395011045674, 505.393316747475, 543.7708128704188, 411.4071318751939, 211.41453722609097, 435.1750725516199, 70.66118326064783, 79.6872841487083, 0, 125.79986006616892, 384.3265692199329, 189.53282794440003, 461.1799582823499, 206.1508631142329, 54.79313165185376, 81.81066114829349, 0, 0, 0, 0, 0, 0, 0, 0, 0, 0, 0, 0, 0, 0, 0, 0, 0, 0], [72.56543830644485, 483.7210092317211, 494.9581207382836, 519.6610711645621, 550.617877798491, 549.4209784145504, 578.823664254853, 462.74680360113075, 214.84840126789976, 460.9402697430481, 124.16143780019327, 52.0843700708696, 125.79986006616892, 0, 507.9642574670401, 70.97063952688558, 401.2055972521433, 120.16377864064063, 170.79952094343676, 140.05942807954924, 0, 0, 0, 0, 0, 0, 0, 0, 0, 0, 0, 0, 0, 0, 0, 0, 0, 0], [512.0503477997568, 533.1029699590463, 572.164264838568, 610.9510322976482, 648.8009553887114, 481.38663425654556, 534.6073293962559, 407.22229050368054, 449.5378193715997, 494.5601965008625, 397.3047025143579, 457.21303307098793, 384.3265692199329, 507.9642574670401, 0, 573.8513987606979, 789.4341597756899, 582.3597651320342, 354.58678307299226, 419.8474458105464, 0, 0, 0, 0, 0, 0, 0, 0, 0, 0, 0, 0, 0, 0, 0, 0, 0, 0], [79.85255641583113, 538.7655731099103, 546.4081697956578, 568.1588497877304, 596.7404222101541, 611.5020996282036, 638.1042663201022, 527.4163444522083, 273.7639587269184, 518.7790712826534, 195.13130053332983, 122.50724078158595, 189.53282794440003, 70.97063952688558, 573.8513987606979, 0, 346.88232167645424, 72.63241936899175, 226.7811529009447, 179.32222397389117, 0, 0, 0, 0, 0, 0, 0, 0, 0, 0, 0, 0, 0, 0, 0, 0, 0, 0], [340.99796354549125, 884.0746721468931, 893.0401515070034, 915.0319330417531, 943.2947526519688, 949.3799654829108, 979.9550921025451, 860.2805655344457, 615.9530174708603, 862.0968869422958, 506.59419346094205, 438.00639400657604, 461.1799582823499, 401.2055972521433, 789.4341597756899, 346.88232167645424, 0, 281.28275110271994, 458.91449472021384, 390.44163831674865, 0, 0, 0, 0, 0, 0, 0, 0, 0, 0, 0, 0, 0, 0, 0, 0, 0, 0], [72.38786873372719, 602.9265248086184, 612.766302886801, 636.00791839775, 665.6189639893774, 669.4581101037194, 698.9484449684105, 582.0812606815007, 334.6930938999209, 580.8403909377133, 234.08479815284426, 161.45469599780648, 206.1508631142329, 120.16377864064063, 582.3597651320342, 72.63241936899175, 281.28275110271994, 0, 227.77883223835045, 165.43054908923028, 0, 0, 0, 0, 0, 0, 0, 0, 0, 0, 0, 0, 0, 0, 0, 0, 0, 0], [158.1734506467896, 502.956615011096, 526.5099179211238, 559.396754940349, 595.9353299890357, 532.8709630281066, 574.2852696102677, 437.4543016801461, 259.1100251451178, 470.59509131801207, 120.98560187532306, 130.76426948857468, 54.79313165185376, 170.79952094343676, 354.58678307299226, 226.7811529009447, 458.91449472021384, 227.77883223835045, 0, 69.1135976933765, 0, 0, 0, 0, 0, 0, 0, 0, 0, 0, 0, 0, 0, 0, 0, 0, 0, 0], [102.00041595327093, 546.7585544619302, 566.8015739842675, 597.4213842878125, 632.4719688769695, 586.8400234503368, 625.5465288844584, 492.5202995936839, 288.1784577294547, 516.791737018999, 148.6457221500457, 119.82362327659267, 81.81066114829349, 140.05942807954924, 419.8474458105464, 179.32222397389117, 390.44163831674865, 165.43054908923028, 69.1135976933765, 0, 0, 0, 0, 0, 0, 0, 0, 0, 0, 0, 0, 0, 0, 0, 0, 0, 0, 0], [0, 0, 0, 0, 0, 0, 0, 0, 0, 0, 0, 0, 0, 0, 0, 0, 0, 0, 0, 0, 0, 0, 0, 0, 0, 0, 0, 0, 0, 0, 0, 0, 0, 0, 0, 0, 0, 0], [0, 0, 0, 0, 0, 0, 0, 0, 0, 0, 0, 0, 0, 0, 0, 0, 0, 0, 0, 0, 0, 0, 0, 0, 0, 0, 0, 0, 0, 0, 0, 0, 0, 0, 0, 0, 0, 0], [0, 0, 0, 0, 0, 0, 0, 0, 0, 0, 0, 0, 0, 0, 0, 0, 0, 0, 0, 0, 0, 0, 0, 0, 0, 0, 0, 0, 0, 0, 0, 0, 0, 0, 0, 0, 0, 0], [0, 0, 0, 0, 0, 0, 0, 0, 0, 0, 0, 0, 0, 0, 0, 0, 0, 0, 0, 0, 0, 0, 0, 0, 0, 0, 0, 0, 0, 0, 0, 0, 0, 0, 0, 0, 0, 0], [0, 0, 0, 0, 0, 0, 0, 0, 0, 0, 0, 0, 0, 0, 0, 0, 0, 0, 0, 0, 0, 0, 0, 0, 0, 0, 0, 0, 0, 0, 0, 0, 0, 0, 0, 0, 0, 0], [0, 0, 0, 0, 0, 0, 0, 0, 0, 0, 0, 0, 0, 0, 0, 0, 0, 0, 0, 0, 0, 0, 0, 0, 0, 0, 0, 0, 0, 0, 0, 0, 0, 0, 0, 0, 0, 0], [0, 0, 0, 0, 0, 0, 0, 0, 0, 0, 0, 0, 0, 0, 0, 0, 0, 0, 0, 0, 0, 0, 0, 0, 0, 0, 0, 0, 0, 0, 0, 0, 0, 0, 0, 0, 0, 0], [0, 0, 0, 0, 0, 0, 0, 0, 0, 0, 0, 0, 0, 0, 0, 0, 0, 0, 0, 0, 0, 0, 0, 0, 0, 0, 0, 0, 0, 0, 0, 0, 0, 0, 0, 0, 0, 0], [0, 0, 0, 0, 0, 0, 0, 0, 0, 0, 0, 0, 0, 0, 0, 0, 0, 0, 0, 0, 0, 0, 0, 0, 0, 0, 0, 0, 0, 0, 0, 0, 0, 0, 0, 0, 0, 0], [0, 0, 0, 0, 0, 0, 0, 0, 0, 0, 0, 0, 0, 0, 0, 0, 0, 0, 0, 0, 0, 0, 0, 0, 0, 0, 0, 0, 0, 0, 0, 0, 0, 0, 0, 0, 0, 0], [0, 0, 0, 0, 0, 0, 0, 0, 0, 0, 0, 0, 0, 0, 0, 0, 0, 0, 0, 0, 0, 0, 0, 0, 0, 0, 0, 0, 0, 0, 0, 0, 0, 0, 0, 0, 0, 0], [0, 0, 0, 0, 0, 0, 0, 0, 0, 0, 0, 0, 0, 0, 0, 0, 0, 0, 0, 0, 0, 0, 0, 0, 0, 0, 0, 0, 0, 0, 0, 0, 0, 0, 0, 0, 0, 0], [0, 0, 0, 0, 0, 0, 0, 0, 0, 0, 0, 0, 0, 0, 0, 0, 0, 0, 0, 0, 0, 0, 0, 0, 0, 0, 0, 0, 0, 0, 0, 0, 0, 0, 0, 0, 0, 0], [0, 0, 0, 0, 0, 0, 0, 0, 0, 0, 0, 0, 0, 0, 0, 0, 0, 0, 0, 0, 0, 0, 0, 0, 0, 0, 0, 0, 0, 0, 0, 0, 0, 0, 0, 0, 0, 0], [0, 0, 0, 0, 0, 0, 0, 0, 0, 0, 0, 0, 0, 0, 0, 0, 0, 0, 0, 0, 0, 0, 0, 0, 0, 0, 0, 0, 0, 0, 0, 0, 0, 0, 0, 0, 0, 0], [0, 0, 0, 0, 0, 0, 0, 0, 0, 0, 0, 0, 0, 0, 0, 0, 0, 0, 0, 0, 0, 0, 0, 0, 0, 0, 0, 0, 0, 0, 0, 0, 0, 0, 0, 0, 0, 0], [0, 0, 0, 0, 0, 0, 0, 0, 0, 0, 0, 0, 0, 0, 0, 0, 0, 0, 0, 0, 0, 0, 0, 0, 0, 0, 0, 0, 0, 0, 0, 0, 0, 0, 0, 0, 0, 0], [0, 0, 0, 0, 0, 0, 0, 0, 0, 0, 0, 0, 0, 0, 0, 0, 0, 0, 0, 0, 0, 0, 0, 0, 0, 0, 0, 0, 0, 0, 0, 0, 0, 0, 0, 0, 0, 0]]}